"z" "a" "CoDist" "LumDist" "AngDist" "CoDistTran" "DistMod" "AngScale" "CoVol" "HubTime" "UniAgeNow" "UniAgeAtz" "TravelTime" "RelError" "z" "a" "H" "CoVel" "OmegaM" "OmegaL" "OmegaR" "OmegaK" "Decelq" "Factor" "Rate" "Sigma8" "RhoCrit" "RhoMean" "opz" "log1pz" "ln1pz" "loga" "adot" "RhoCritSI" "RhoMeanSI"
6 0.142857142857143 8438.74500459011 59071.2150321308 1205.53500065573 8438.74500459011 48.8568795196286 5.84459861374291 2517.22595469872 14.4220346785661 13.8021158230766 0.934415139337938 12.8677006837386 1e-08 6 0.142857142857143 699.149181677273 1.90847666791941 0.993492326211255 0.0065076737887451 0 0 0.490238489316882 0.998812691404856 0.996444786638197 0.145647573193668 3.95407697305904 3.92834512998278 7 0.845098040014257 1.94591014905531 -0.845098040014257 99.8784545253247 9.18214658802138e-25 9.1223921733461e-25
5.8703649017626 0.145552676502444 8382.37903877293 57590.0027412561 1220.07770455139 8382.37903877293 48.8017354960106 5.91510363183231 2467.1212533337 14.4220346785661 13.8021158230766 0.960926137305563 12.841189685771 1e-08 5.8703649017626 0.145552676502444 679.945329366016 1.8957291408205 0.993119539714865 0.00688046028513485 0 0 0.489679309572298 0.998744428465363 0.996240790229559 0.148385616758618 3.95556121180603 3.92834512998278 6.8703649017626 0.83697980410662 1.92721722007298 -0.83697980410662 98.9678625645597 8.68465367126393e-25 8.62489925658864e-25
5.74313055476735 0.148299071459177 8325.4947594874 56139.898096255 1234.66314227022 8325.4947594874 48.746358099893 5.98581582934293 2417.23439173768 14.4220346785661 13.8021158230766 0.988185745673519 12.813930077403 1e-08 5.74313055476735 0.148299071459177 661.276064932419 1.8828643937842 0.992725554826162 0.007274445173838 0 0 0.489088332239243 0.998672254299696 0.996025153571715 0.151174540313306 3.95713106294588 3.92834512998279 6.74313055476735 0.828861568198984 1.90852429109065 -0.828861568198984 98.0666264076558 8.21429170848443e-25 8.15453729380915e-25
5.61825249878237 0.151097287415973 8268.08803494644 54720.2942974369 1249.28567419687 8268.08803494644 48.6907421222344 6.05670786464792 2367.5757648663 14.4220346785661 13.8021158230766 1.01621479374159 12.785901029335 1e-08 5.61825249878237 0.151097287415973 643.126707291539 1.8698814923802 0.992309184513303 0.00769081548669731 0 0 0.488463776769954 0.998595946398573 0.995797220112862 0.154015243626963 3.95879146468801 3.92834512998278 6.61825249878237 0.820743332291347 1.88983136210831 -0.820743332291347 97.1747009365179 7.76958110341334e-25 7.70982668873806e-25
5.49568709694815 0.153948302169578 8210.15474338784 53330.596230572 1263.93938329406 8210.15474338784 48.6348821953879 6.12775105114111 2318.15588781977 14.4220346785661 13.8021158230766 1.04503466340248 12.7570811596741 1e-08 5.49568709694815 0.153948302169578 625.482983948744 1.85677950444536 0.991869177440482 0.00813082255951794 0 0 0.487803766160723 0.998515269781519 0.995556297169877 0.156908638843459 3.96054764008281 3.92834512998278 6.49568709694815 0.81262509638371 1.87113843312598 -0.81262509638371 96.2920434148703 7.34912295009237e-25 7.28936853541709e-25
5.37539152052925 0.156853111966524 8151.69077635561 51970.220253554 1278.61806606018 8151.69077635561 48.578772786991 6.19891531339794 2268.98539312235 14.4220346785661 13.8021158230766 1.07466730144603 12.7274485216305 1e-08 5.37539152052925 0.156853111966524 608.33101976142 1.84355750082582 0.991404214739913 0.00859578526008733 0 0 0.487106322109869 0.998429976319954 0.995301654046012 0.159855650368003 3.96240511345148 3.92834512998278 6.37539152052925 0.804506860476073 1.85244550414365 -0.804506860476073 95.4186135553476 6.95159463239953e-25 6.89184021772424e-25
5.25732373394844 0.159812731851256 8092.69204221316 50638.5939872761 1293.315223297 8092.69204221316 48.5224081935729 6.27016914241621 2220.07502774327 14.4220346785661 13.8021158230766 1.1051352319254 12.6969805911512 1e-08 5.25732373394844 0.159812731851256 591.657326011726 1.83021455617156 0.990912906652328 0.00908709334767243 0 0 0.486369359978491 0.998339804026119 0.995032520063155 0.162857214726225 3.96436972776366 3.92834512998278 6.25732373394844 0.796388624568437 1.83375257516131 -0.796388624568437 94.554373589743 6.57574566355561e-25 6.51599124888033e-25
5.14144248009792 0.162828196020824 8033.15446990239 49335.1561106471 1308.02405069082 8033.15446990239 48.4657825338668 6.34147954995225 2171.43564984532 14.4220346785661 13.8021158230766 1.13646156856328 12.6656542545133 1e-08 5.14144248009792 0.162828196020824 575.448789781665 1.81674974978651 0.990393789034492 0.00960621096550821 0 0 0.485590683551738 0.998244476306471 0.994748082506285 0.165914280393345 3.96644766301738 3.92834512998278 6.14144248009792 0.7882703886608 1.81505964617898 -0.7882703886608 93.6992883425148 6.22039375252475e-25 6.16063933784947e-25
5.02770726592266 0.165900558186269 7973.07401296331 48059.3561596781 1322.73742921105 7973.07401296331 48.4088897418097 6.41281202197173 2123.07822524618 14.4220346785661 13.8021158230766 1.16867002717375 12.6334457959028 1e-08 5.02770726592266 0.165900558186269 559.692663622018 1.8031621665376 0.989845319732767 0.0101546802672332 0 0 0.48476797959915 0.998143701178104 0.99444748447796 0.169027807590965 3.96864545567921 3.92834512998278 6.02770726592266 0.780152152753163 1.79636671719665 -0.780152152753163 92.8533253076526 5.88442108493517e-25 5.82466667025989e-25
4.91607834827064 0.169030891940827 7912.44665382952 46810.6543305673 1337.44791533101 7912.44665382952 48.3517235592122 6.48413047123904 2075.01382357753 14.4220346785661 13.8021158230766 1.20178493807297 12.6003308850036 1e-08 4.91607834827064 0.169030891940827 544.376555506879 1.78945089782626 0.989265874822426 0.0107341251775736 0 0 0.48389881223364 0.998037170446742 0.994129822660818 0.172198768048872 3.97097001924576 3.92834512998278 5.91607834827064 0.772033916845527 1.77767378821431 -0.772033916845527 92.0164547290028 5.56677080682127e-25 5.50701639214599e-25
4.80651672000518 0.17222029113508 7851.26840841582 45588.5212867149 1352.14773107703 7851.26840841582 48.2942775280821 6.5553971890736 2027.25361412562 14.4220346785661 13.8021158230766 1.23583125844874 12.5662845646278 1e-08 4.80651672000518 0.17222029113508 529.488419065737 1.7756150426259 0.988653744713183 0.0113462552868175 0 0 0.482980617069774 0.997924558844879 0.99379414498632 0.17542814472905 3.97342866599108 3.92834512998278 5.80651672000518 0.76391568093789 1.75898085923198 -0.76391568093789 91.1886496841543 5.26644370012608e-25 5.2066892854508e-25
4.69898409637447 0.175469870259187 7789.53533101477 44392.4379696002 1366.82875391252 7789.53533101477 48.2365449825801 6.62657279630687 1979.80886133702 14.4220346785661 13.8021158230766 1.27083458465609 12.5312812384205 1e-08 4.69898409637447 0.175469870259187 515.016544085297 1.7616537085893 0.988007130122261 0.0119928698777392 0 0 0.482010695183391 0.9978055231286 0.993439448208238 0.178716931508934 3.9760291299686 3.92834512998278 5.69898409637447 0.755797445030253 1.74028793024965 -0.755797445030253 90.3698861719821 4.98249503950644e-25 4.92274062483116e-25
4.59344290163349 0.17878076483233 7727.24351951981 43221.8954134515 1381.48250646541 7727.24351951981 48.1785190405882 6.69761619347926 1932.69091997181 14.4220346785661 13.8021158230766 1.30682116440259 12.495294658674 1e-08 4.59344290163349 0.17878076483233 500.949547273385 1.74756601322987 0.987324137917372 0.0126758620826281 0 0 0.480986206876058 0.997679701131656 0.993064675379695 0.182066132820749 3.97877959133978 3.92834512998279 5.59344290163349 0.747679209122617 1.72159500126731 -0.747679209122617 89.5601432039451 4.71403162055333e-25 4.65427720587805e-25
4.4898562559137 0.182154131799498 7664.38912099353 42076.3945636432 1396.10014610809 7664.38912099353 48.1201925948683 6.76848451032224 1885.9112298863 14.4220346785661 13.8021158230766 1.34381790878373 12.4582979142928 1e-08 4.4898562559137 0.182154131799498 487.276363277513 1.73335108518094 0.986602776833086 0.0133972231669145 0 0 0.479904165249628 0.997546710775371 0.992668713232978 0.185476763243562 3.98168870210608 3.92834512998278 5.4898562559137 0.73956097321498 1.70290207228498 -0.73956097321498 88.7594028992319 4.46020895007931e-25 4.40045453540403e-25
4.3881879623359 0.185591149935771 7600.96833760008 40955.4460987531 1410.67245440059 7600.96833760008 48.0615583037876 6.83913305457772 1839.4813104265 14.4220346785661 13.8021158230766 1.38185240412465 12.4202634189519 1e-08 4.3881879623359 0.185591149935771 473.986235950844 1.71900806553741 0.985840953065423 0.0141590469345771 0 0 0.478761429598134 0.99740614903299 0.992250389461783 0.188949847044496 3.98476561332514 3.92834512998278 5.3881879623359 0.731442737307343 1.68420914330265 -0.731442737307343 87.9676505838449 4.2202285896347e-25 4.16047417495942e-25
4.28840249436176 0.189093020258226 7536.97743292193 39858.5702562127 1425.1898264093 7536.97743292193 48.0026085815848 6.90951526021352 1793.41275441259 14.4220346785661 13.8021158230766 1.42095292358056 12.381162899496 1e-08 4.28840249436176 0.189093020258226 461.068709858497 1.70453610928433 0.985036465750977 0.0149635342490232 0 0 0.477554698626465 0.997257591957445 0.991808467156809 0.192486417879645 3.98802000389688 3.92834512998278 5.28840249436176 0.723324501399707 1.66551621432032 -0.723324501399706 87.1848748937067 3.99333564389595e-25 3.93358122922067e-25
4.19046498337955 0.19266096644561 7472.41273868156 38785.2966614859 1439.64225991488 7472.41273868156 47.9433355881512 6.97958263510182 1747.71722169439 14.4220346785661 13.8021158230766 1.46114843844387 12.3409673846327 1e-08 4.19046498337955 0.19266096644561 448.513622017282 1.68993438681706 0.984187002338548 0.0158129976614522 0 0 0.476280503507822 0.99710058910993 0.991341652891389 0.196087517368974 3.99146211100996 3.92834512998278 5.19046498337955 0.71520626549207 1.64682328533798 -0.71520626549207 86.4110678818705 3.77881638602572e-25 3.71906197135044e-25
4.09434120651981 0.196296235265943 7407.27066188964 37735.1641607097 1454.01934452481 7407.27066188964 47.8837312182961 7.04928470823546 1702.40643225661 14.4220346785661 13.8021158230766 1.50246862910116 12.2996471939754 1e-08 4.09434120651981 0.196296235265943 436.311093862155 1.67520208555786 0.983290133863173 0.0167098661368266 0 0 0.47493520079476 0.996934669040188 0.990848577218118 0.199754195734979 3.99510276234442 3.92834512998278 5.09434120651981 0.707088029584433 1.62813035635565 -0.707088029584433 85.6462251299064 3.57599601253479e-25 3.51624159785951e-25
3.99999757469666 0.20000009701218 7341.54769244196 36707.7206567297 1468.31025070794 7341.54769244196 47.8237870904663 7.11856897656583 1657.49215885244 14.4220346785661 13.8021158230766 1.54494389557853 12.257171927498 1e-08 3.99999757469666 0.20000009701218 424.451523432806 1.660338411674 0.982343310134546 0.0176566898654538 0 0 0.473514965201819 0.996759333616144 0.990327802567161 0.203487510255587 3.99895341013188 3.92834512998278 4.99999757469666 0.698969793676797 1.60943742737332 -0.698969793676797 84.890345863529 3.38423652058331e-25 3.32448210590803e-25
3.90740112087058 0.2037738459461 7275.24041118789 35702.5229484664 1482.50371877024 7275.24041118789 47.7634945348861 7.18738085155577 1612.986219143 14.4220346785661 13.8021158230766 1.58860536760827 12.2135104554683 1e-08 3.90740112087058 0.2037738459461 412.925577773997 1.64534259190249 0.981343854854175 0.018656145145825 0 0 0.472015782281262 0.996574057851725 0.989777817307361 0.207288524700289 4.00302616718023 3.92834512998278 4.90740112087058 0.69085155776916 1.59074449839098 -0.69085155776916 84.1434330725227 3.20293470104429e-25 3.14318028636901e-25
3.81651948852853 0.207618800750561 7208.34549849415 34719.136573544 1496.58804779306 7208.34549849415 47.702844581081 7.25566360555088 1568.90046731984 14.4220346785661 13.8021158230766 1.63348491414406 12.1686309089325 1e-08 3.81651948852853 0.207618800750561 401.724185543365 1.63021387548683 0.980288960678272 0.0197110393217283 0 0 0.470433441017408 0.996378288572529 0.989197032471463 0.211158308479118 4.00733384497641 3.92834512998278 4.81651948852853 0.682733321861523 1.57205156940865 -0.682733321861523 83.4054936350094 3.03152024101603e-25 2.97176582634074e-25
3.72732092037743 0.211536304990303 7140.85974332775 33757.1356541143 1510.55108455756 7140.85974332775 47.6418279447463 7.32335831808352 1525.24678518686 14.4220346785661 13.8021158230766 1.6796151522468 12.1225006708298 1e-08 3.72732092037743 0.211536304990303 390.838529820595 1.61495153623118 0.979175684246256 0.020824315753744 0 0 0.468763526369384 0.996171443028527 0.988583778401265 0.215097935709515 4.01188999398685 3.92834512998278 4.72732092037743 0.674615085953887 1.55335864042632 -0.674615085953887 82.6765384460911 2.86945392981466e-25 2.80969951513938e-25
3.63977424724702 0.215527727581432 7072.78005288304 32816.1027458091 1524.38021248116 7072.78005288304 47.580435013919 7.39040382223529 1482.0370726777 14.4220346785661 13.8021158230766 1.7270294552558 12.0750863678208 1e-08 3.63977424724702 0.215527727581432 380.260041111976 1.59955487467757 0.978000941197984 0.0219990588020165 0 0 0.467001411796975 0.995952907453324 0.987936301319291 0.219108484195681 4.01670894628264 3.92834512998278 4.63977424724702 0.66649685004625 1.53466571144398 -0.66649685004625 81.9565825508861 2.71622596280368e-25 2.6564715481284e-25
3.55384887719828 0.21959446326977 7004.10346277771 31895.6286897508 1538.06234059461 7004.10346277771 47.5186558344074 7.45673665119621 1439.28323778406 14.4220346785661 13.8021158230766 1.77576196015433 12.0263538629222 1e-08 3.55384887719828 0.21959446326977 369.980390544505 1.5840232204118 0.976761501206341 0.0232384987936588 0 0 0.465142251809512 0.99572203556974 0.987252759835105 0.223191034314721 4.02180586062321 3.92834512998278 4.55384887719828 0.658378614138613 1.51597278246165 -0.658378614138613 81.2456452819605 2.57135433772458e-25 2.5115999230493e-25
3.46951478483344 0.223737933118229 6934.82714784339 30995.3124675503 1551.58389259066 6934.82714784339 47.4564800944283 7.52229098517143 1396.99718587022 14.4220346785661 13.8021158230766 1.82584757403126 11.9762682490453 1e-08 3.46951478483344 0.223737933118229 359.991483243823 1.5683559345038 0.97545398305573 0.0245460169442699 0 0 0.463180974583595 0.995478147041774 0.986531221395923 0.227346667803674 4.02719677014056 3.92834512998278 4.46951478483344 0.650260378230976 1.49727985347932 -0.650260378230976 80.5437504011387 2.43438333848422e-25 2.37462892380894e-25
3.3867425008041 0.227959585003382 6864.94843353629 30114.7610592222 1564.93079597855 6864.94843353629 47.3938971083992 7.58699859880037 1355.19080834852 14.4220346785661 13.8021158230766 1.87732197953332 11.9247938435432 1e-08 3.3867425008041 0.227959585003382 350.285451890389 1.55255241208823 0.974074849801195 0.0259251501988051 0 0 0.461112274701792 0.995220525873279 0.985769658692997 0.231576466441273 4.03289863277401 3.92834512998278 4.3867425008041 0.64214214232334 1.47858692449698 -0.64214214232334 79.8509262456553 2.30488210162949e-25 2.2451276869542e-25
3.30550310151354 0.232260894121401 6794.46480799362 29253.5893039411 1578.08847138099 6794.46480799362 47.330895799828 7.6507888092674 1313.87597069073 14.4220346785661 13.8021158230766 1.930221639195 11.8718941838816 1e-08 3.30550310151354 0.232260894121401 340.854650448428 1.53661208509111 0.972620404047566 0.0273795959524344 0 0 0.458930606071348 0.994948418754079 0.984965946037167 0.235881510618058 4.03892938461393 3.92834512998278 4.30550310151354 0.634023906415703 1.45989399551465 -0.634023906415703 79.1672058785895 2.18244326099959e-25 2.1226888463243e-25
3.2257681990098 0.236643363503546 6723.37393476135 28411.4197635659 1591.04182201399 6723.37393476135 47.2674646832356 7.71358842529827 1273.06449975007 14.4220346785661 13.8021158230766 1.98458379852539 11.8175320245512 1e-08 3.2257681990098 0.236643363503546 331.691648062285 1.52053442510825 0.971086783392981 0.0289132166070193 0 0 0.456630175089471 0.994661033354638 0.984117855719201 0.240262877788235 4.04530799632257 3.92834512998279 4.2257681990098 0.625905670508066 1.44120106653232 -0.625905670508066 78.4926272434933 2.06668166629289e-25 2.00692725161761e-25
3.14750993106593 0.241108524541373 6651.67366621851 27587.882588851 1603.77522339265 6651.67366621851 47.2035918450442 7.7753216972526 1232.76817036891 14.4220346785661 13.8021158230766 2.04044648772288 11.7616693353537 1e-08 3.14750993106593 0.241108524541373 322.789223114945 1.50431894644132 0.969469956086548 0.0305300439134521 0 0 0.454204934129822 0.994357536570867 0.983223054372819 0.244721640796501 4.05205453280915 3.92834512998278 4.14750993106593 0.61778743460043 1.42250813754998 -0.61778743460043 77.8272333231006 1.9572331715171e-25 1.89747875684181e-25
3.07070095144389 0.245657937521865 6579.36205772282 26782.6153882661 1616.2725133098 6579.36205772282 47.1392649233559 7.83591026853887 1192.99869124751 14.4220346785661 13.8021158230766 2.09784852188053 11.704267301196 1e-08 3.07070095144389 0.245657937521865 314.140357443569 1.48796520929692 0.967765716955698 0.032234283044302 0 0 0.451648575433547 0.994037052721169 0.982279099360986 0.249258866072853 4.05919021634718 3.92834512998278 4.07070095144389 0.609669198692793 1.40381520856765 -0.609669198692793 77.1710723019686 1.85375348951168e-25 1.7939990748364e-25
2.99531442033882 0.250293192172644 6506.43738250139 25995.2630993393 1628.5169821377 6506.43738250139 47.0744710865385 7.89527312859569 1153.76769004989 14.4220346785661 13.8021158230766 2.15682949953634 11.6452863235402 1e-08 2.99531442033882 0.250293192172644 305.738230706999 1.47147282315419 0.965969683664981 0.0340303163350191 0 0 0.448954525497471 0.993698661698398 0.981283435208787 0.253875611688255 4.06673749333237 3.92834512998279 3.99531442033882 0.601550962785156 1.38512227958532 -0.601550962785156 76.524197732871 1.75591710893946e-25 1.69616269426418e-25
2.92132399500026 0.255015908217483 6432.89814730944 25225.4778624372 1640.49136350668 6432.89814730944 47.0091970105316 7.95332656770076 1115.08669772366 14.4220346785661 13.8021158230766 2.21742979941384 11.5846860236627 1e-08 2.92132399500026 0.255015908217483 297.576214900299 1.4548414503062 0.964077293374643 0.0359227066253575 0 0 0.446115940061964 0.993341397080068 0.980233390109297 0.258572925263934 4.07472010489124 3.92834512998279 3.92132399500026 0.59343272687752 1.36642935060298 -0.59343272687752 75.8866687067207 1.66341627034033e-25 1.60366185566505e-25
2.84870382052704 0.259827735942295 6358.74310887838 24472.9188968902 1652.17782541854 6358.74310887838 46.9434288547713 8.00998413388709 1076.96713201187 14.4220346785661 13.8021158230766 2.27969057518955 11.522425247887 1e-08 2.84870382052704 0.259827735942295 289.647869011468 1.43807080957972 0.962083799874288 0.0379162001257119 0 0 0.443125699811432 0.992964244200857 0.979126172532113 0.263351841726973 4.08316316156252 3.92834512998278 3.84870382052704 0.585314490969883 1.34773642162065 -0.585314490969883 75.25855002576 1.57595999802631e-25 1.51620558335103e-25
2.77742852083266 0.264730356771799 6283.97129117272 23737.2523793695 1663.5579618559 6283.97129117272 46.8771522366276 8.06515659226436 1039.42028013648 14.4220346785661 13.8021158230766 2.34365374811544 11.4584620749611 1e-08 2.77742852083266 0.264730356771799 281.946933815567 1.42116068023803 0.959984271274258 0.0400157287257419 0 0 0.439976406911387 0.99256613819226 0.97795886796777 0.268213380904855 4.09209322228623 3.92834512998278 3.77742852083266 0.577196255062246 1.32904349263832 -0.577196255062246 74.6399123797101 1.49327318477252e-25 1.43351877009724e-25
2.70747318977796 0.269725483857077 6208.58200347346 23018.1513244158 1674.61278495322 6208.58200347346 46.8103522042349 8.11875188706261 1002.45728063469 14.4220346785661 13.8021158230766 2.40936199731505 11.3927538257615 1e-08 2.70747318977796 0.269725483857077 274.467326801603 1.40411090607056 0.957773588344978 0.0422264116550225 0 0 0.436660382517466 0.992145961995097 0.976728435845005 0.273158544951626 4.10153837794893 3.92834512998278 3.70747318977796 0.56907801915461 1.31035056365598 -0.56907801915461 74.0308325245208 1.41509572642493e-25 1.35534131174965e-25
2.63881338246805 0.274814862674201 6132.57485930227 22315.2954670162 1685.32271779841 6132.57485930227 46.7430132075846 8.17067510673375 966.089104331987 14.4220346785661 13.8021158230766 2.476858747564 11.3252570755126 1e-08 2.63881338246805 0.274814862674201 267.203137227561 1.38692139967275 0.95544644360244 0.0445535563975601 0 0 0.43316966540366 0.991702544351591 0.975431706661851 0.27818831559844 4.11152833974791 3.92834512998278 3.63881338246805 0.560959783246973 1.29165763467365 -0.560959783246973 73.4313934633077 1.34118170370243e-25 1.28142728902715e-25
2.57142510671036 0.280000271634171 6055.94979619841 21628.3711471205 1695.66758793846 6055.94979619841 46.6751190677331 8.22082845246572 930.326534437989 14.4220346785661 13.8021158230766 2.54618815435677 11.2559276687198 1e-08 2.57142510671036 0.280000271634171 260.148621299118 1.36959214691869 0.952997341246087 0.0470026587539127 0 0 0.429496011869131 0.991234657784735 0.974065379375747 0.283303651221394 4.12209453265242 3.92834512998278 3.57142510671036 0.552841547339336 1.27296470569132 -0.552841547339336 72.8416846290082 1.27129860861983e-25 1.21154419394455e-25
2.50528481463094 0.285283522704356 5978.70709635586 20957.0711959825 1705.62662166593 5978.70709635586 46.606652943968 8.2691112104828 895.180145754851 14.4220346785661 13.8021158230766 2.61739508605377 11.1847207370228 1e-08 2.50528481463094 0.285283522704356 253.298197467606 1.35212321162838 0.950420598063557 0.049579401936443 0 0 0.425630897095335 0.990741016573836 0.972626019102314 0.288505483719829 4.13327019425571 3.92834512998278 3.50528481463094 0.5447233114317 1.25427177670898 -0.5447233114317 72.261802068222 1.20522661309797e-25 1.14547219842269e-25
2.44036939444598 0.290666462041654 5900.84740812433 20301.0948242069 1715.17843916716 5900.84740812433 46.5375972987509 8.31541972852341 860.660282991341 14.4220346785661 13.8021158230766 2.6905251028955 11.1115907201811 1e-08 2.44036939444598 0.290666462041654 246.646441842907 1.33451474043029 0.94771034542499 0.0522896545750099 0 0 0.421565518137485 0.990220274736364 0.971110055177019 0.293794715198583 4.14509047932906 3.92834512998278 3.44036939444598 0.536605075524063 1.23557884772665 -0.536605075524063 71.6918486256404 1.14275787746052e-25 1.08300346278524e-25
2.3766561623857 0.296150970637612 5822.37176837255 19660.1475113757 1724.30105061656 5822.37176837255 46.4679338602416 8.35964739690454 826.777038180221 14.4220346785661 13.8021158230766 2.76562443266344 11.0364913904131 1e-08 2.3766561623857 0.296150970637612 240.18808371705 1.31676696781898 0.944860532497696 0.0551394675023038 0 0 0.417290798746544 0.989671024027561 0.969513779638745 0.299172214448173 4.15759257040654 3.92834512998278 3.3766561623857 0.528486839616426 1.21688591874432 -0.528486839616426 71.1319341283924 1.08369589664219e-25 1.02394148196691e-25
2.31412285476788 0.301738964975709 5743.28162570648 19033.9408971222 1732.97185330468 5743.28162570648 46.3976435821816 8.40168463459856 793.540227201424 14.4220346785661 13.8021158230766 2.84273994276202 10.9593758803145 1e-08 2.31412285476788 0.301738964975709 233.918001194344 1.29888022140603 0.941864930819796 0.0581350691802043 0 0 0.412797396229694 0.9890917919707 0.967833346199157 0.3046388132174 4.17081579474837 3.92834512998278 3.31412285476788 0.520368603708789 1.19819298976198 -0.520368603708789 70.582175569568 1.02785488205163e-25 9.68100467376345e-26
2.25274762021807 0.307432397701042 5663.57886452901 18422.1926735141 1741.1676298911 5663.57886452901 46.3267066008933 8.44141888076269 760.959365419184 14.4220346785661 13.8021158230766 2.92191910849063 10.8801967145859 1e-08 2.25274762021807 0.307432397701042 227.831216924014 1.28085492736134 0.93871714037884 0.0612828596211601 0 0 0.40807571056826 0.988481039932414 0.966064769766658 0.310195302273632 4.18480174805098 3.92834512998278 3.25274762021807 0.512250367801153 1.17950006077965 -0.512250367801153 70.0426972900959 9.75059177144692e-26 9.15304762469411e-26
2.19250901203401 0.313233258302654 5583.26582991986 17824.6264786007 1748.86454787567 5583.26582991986 46.2551021891182 8.47873459217569 729.043642447589 14.4220346785661 13.8021158230766 3.00320997727193 10.7989058458046 1e-08 2.19250901203401 0.313233258302654 221.92289393136 1.26269161603981 0.935410597348113 0.0645894026518874 0 0 0.403115896022169 0.987837161259141 0.964203926598689 0.315842427246827 4.19959442529263 3.92834512998278 3.19250901203401 0.504132131893516 1.16080713179732 -0.504132131893516 69.5136311580741 9.2514270486965e-26 8.65388290194368e-26
2.13338598069132 0.31914357380873 5502.34535330673 17240.9717909733 1756.03816038417 5502.34535330673 46.1828087063886 8.51351324704666 697.80189606617 14.4220346785661 13.8021158230766 3.08666112860038 10.7154546944762 1e-08 2.13338598069132 0.31914357380873 216.188331543589 1.2443909277871 0.931938583639122 0.0680614163608783 0 0 0.397907875458683 0.987158479492424 0.96224655516097 0.321580884254402 4.21524035912647 3.92834512998278 3.13338598069132 0.496013895985879 1.14211420281499 -0.496013895985879 68.9951167445677 8.77948445246122e-26 8.1819403057084e-26
2.07535786648809 0.325165409494912 5420.82077888938 16670.9638251796 1762.66340836609 5420.82077888938 46.1098035455877 8.54563335567047 667.242585315034 14.4220346785661 13.8021158230766 3.17232162947522 10.6297941936013 1e-08 2.07535786648809 0.325165409494912 210.622961406572 1.22595361891559 0.928294238433404 0.071705761566596 0 0 0.392441357650106 0.986443246682618 0.960188257776915 0.327411315305255 4.23178876625615 3.92834512998278 3.07535786648809 0.487895660078243 1.12342127383265 -0.487895660078243 68.4873014947989 8.33327941434465e-26 7.73573526759183e-26
2.01840439232562 0.331300869605985 5338.69599076867 16114.3434278273 1768.71462430364 5338.69599076867 46.0360630753105 8.57497047840919 637.373762807832 14.4220346785661 13.8021158230766 3.26024098508425 10.5418748379923 1e-08 2.01840439232562 0.331300869605985 205.222343588868 1.20738056783975 0.924470571859889 0.0755294281401113 0 0 0.386705857789833 0.98568964182241 0.958024503154878 0.333334303482594 4.24929170225459 3.92834512998278 3.01840439232562 0.479777424170606 1.10472834485032 -0.479777424170606 67.99034089357 7.91140832741832e-26 7.3138641806655e-26
1.96250565662286 0.337552098091169 5255.97544072122 15570.8569742074 1774.1655375311 5255.97544072122 45.9615625775893 8.60139725148132 608.20304631047 14.4220346785661 13.8021158230766 3.35046908450962 10.4516467385669 1e-08 1.96250565662286 0.337552098091169 199.982162769531 1.18867278135762 0.92046048098535 0.0795395190146497 0 0 0.380690721478025 0.984895769423465 0.955750629884888 0.339350367906892 4.26780422531286 3.92834512998279 2.96250565662286 0.471659188262969 1.08603541586799 -0.471659188262969 67.5043986236648 7.51254413095915e-26 6.91499998420633e-26
1.90764212636212 0.343921279353297 5172.66417654884 15040.2562652576 1778.98928126365 5172.66417654884 45.8862761804933 8.62478342103836 579.737589643962 14.4220346785661 13.8021158230766 3.4430561412342 10.3590596818424 1e-08 1.90764212636212 0.343921279353297 194.898224506292 1.16983140106217 0.916256768284547 0.0837432317154525 0 0 0.374385152426821 0.98405965826151 0.953361850999916 0.345459958482032 4.28738456943417 3.92834512998278 2.90764212636212 0.463540952355333 1.06734248688565 -0.463540952355333 67.0296467158899 7.13543213597476e-26 6.53788798922194e-26
1.85379463026353 0.35041063901212 5088.76787091874 14522.2984246855 1783.15840143298 5088.76787091874 45.8101767850444 8.6449958860012 551.984052981298 14.4220346785661 13.8021158230766 3.53805262823763 10.2640631948389 1e-08 1.85379463026353 0.35041063901212 189.966451580888 1.1508577098637 0.911852162753095 0.0881478372469054 0 0 0.367778244129642 0.983179260317122 0.950853259699526 0.351663450429806 4.30809432761797 3.92834512998279 2.85379463026353 0.455422716447696 1.04864955790332 -0.455422716447696 66.5662656893239 6.7788860783853e-26 6.18134193163248e-26
1.80094435208587 0.357022444682022 5004.29285059656 14016.7457960621 1786.64486742475 5004.29285059656 45.7332359858215 8.66189875011651 524.948572620356 14.4220346785661 13.8021158230766 3.63550920748598 10.1666066155906 1e-08 1.80094435208587 0.357022444682022 185.182880418469 1.13175313860113 0.907239343819501 0.0927606561804991 0 0 0.360859015729251 0.982252449941472 0.948219836335612 0.3579611386202 4.32999864561026 3.92834512998278 2.80094435208587 0.447304480540059 1.02995662892099 -0.447304480540059 66.1144446802604 6.44178438744637e-26 5.84424024069355e-26
1.74907282405157 0.363759006764399 4919.24612595982 13523.3658396971 1789.42008480876 4919.24612595982 45.6554239845379 8.67535338367473 498.63673032818 14.4220346785661 13.8021158230766 3.73547665363622 10.0666391694403 1e-08 1.74907282405157 0.363759006764399 180.543657578164 1.11251927271658 0.902410968202701 0.0975890317972995 0 0 0.353616452304051 0.981277023278266 0.945456456760688 0.364353231707461 4.35316642682959 3.92834512998278 2.74907282405157 0.439186244632423 1.01126369993865 -0.439186244632423 65.6743815582446 6.1230666576749e-26 5.52552251092208e-26
1.69816192039333 0.370622679255003 4833.63542066314 13041.9310290977 1791.45491014806 4833.63542066314 45.5767094957805 8.68521849530634 473.053522365775 14.4220346785661 13.8021158230766 3.83800577179965 9.96411005127691 1e-08 1.69816192039333 0.370622679255003 176.045036312089 1.09315785896442 0.897359699847303 0.102640300152697 0 0 0.346039549770955 0.980250697974959 0.942557902138808 0.370839846084709 4.3776705491134 3.92834512998278 2.69816192039333 0.431068008724786 0.992570770956319 -0.431068008724786 65.2462830275307 5.82173031317972e-26 5.2241861664269e-26
1.64819385102038 0.377615860566509 4747.46920131057 12572.2187468193 1792.71966796589 4747.46920131057 45.4970596439859 8.69135021424008 448.203328317369 14.4220346785661 13.8021158230766 3.94314730923512 9.85896851384144 1e-08 1.64819385102038 0.377615860566509 171.683373190296 1.07367081212182 0.892078243050272 0.107921756949728 0 0 0.338117364575408 0.979171113424379 0.939518869837382 0.377420999752465 4.40358809396656 3.92834512998278 2.64819385102038 0.422949772817149 0.973877841973986 -0.422949772817149 64.8303647122146 5.53682745390412e-26 4.9392833071513e-26
1.599151155302 0.384740994366605 4660.75670697266 12114.0111795095 1793.18416994148 4660.75670697266 45.4164398505976 8.69360218336679 424.089879863408 14.4220346785661 13.8021158230766 4.05095186087485 9.75116396220171 1e-08 1.599151155302 0.384740994366605 167.455124789355 1.05406022166424 0.88655937886932 0.11344062113068 0 0 0.32983906830398 0.978035830336437 0.936333988373173 0.384096605645 4.43100058903311 3.92834512998278 2.599151155302 0.414831536909513 0.955184912991653 -0.414831536909513 64.4268512232401 5.2674618738597e-26 4.66991772710688e-26
1.55101669596608 0.392000570431898 4573.5079783685 11667.0952119521 1792.81773639529 4573.5079783685 45.3348137101965 8.69182566340265 400.716229652485 14.4220346785661 13.8021158230766 4.16146976862284 9.64064605445372 1e-08 1.55101669596608 0.392000570431898 163.356844442534 1.03432835836512 0.880796004874573 0.119203995125427 0 0 0.321194007311859 0.976842332768409 0.932997829303071 0.390866465621012 4.45999426455413 3.92834512998279 2.55101669596608 0.406713301001876 0.93649198400932 -0.406713301001876 64.0359762054283 5.01278624197185e-26 4.41524209521903e-26
1.50377365311082 0.399397125517934 4485.73388651445 11231.2623199213 1791.58922011226 4485.73388651445 45.2521428542222 8.68586964838788 378.084720443722 14.4220346785661 13.8021158230766 4.27475101440819 9.52736480866837 1e-08 1.50377365311082 0.399397125517934 159.385179049787 1.01447768077501 0.874781178270645 0.125218821729354 0 0 0.312171767405968 0.975588028534222 0.929504925739205 0.397730263572491 4.49066032461824 3.92834512998278 2.50377365311082 0.398595065094239 0.917799055026986 -0.398595065094239 63.6579823626464 4.77199943666888e-26 4.17445528991606e-26
1.45740551832722 0.406933244245626 4397.4461606231 10806.3084616621 1789.46703253783 4397.4461606231 45.1683868006937 8.67558099268824 356.196954707613 14.4220346785661 13.8021158230766 4.39084510702454 9.41127071605202 1e-08 1.45740551832722 0.406933244245626 155.536865946038 0.994510841531065 0.868508162375835 0.131491837624165 0 0 0.302762243563752 0.974270251120258 0.92584979035904 0.404687558857575 4.5230952340582 3.92834512998278 2.45740551832722 0.390476829186603 0.899106126044653 -0.390476829186603 63.2931214592184 4.54434402583028e-26 3.94679987907746e-26
1.41189608893044 0.414611560004417 4308.65741501745 10392.0339678217 1786.41917236498 4308.65741501745 45.0835027880988 8.66080454958918 335.053764889905 14.4220346785661 13.8021158230766 4.50980096284038 9.29231486023618 1e-08 1.41189608893044 0.414611560004417 151.80872982657 0.974430693443873 0.861970476398531 0.138029523601469 0 0 0.292955714597797 0.972886261913692 0.922026935848447 0.411737779623694 4.55740102189592 3.92834512998278 2.41189608893044 0.382358593278966 0.88041319706232 -0.382358593278966 62.9416542956834 4.32910388416687e-26 3.73155973741405e-26
1.36722946229802 0.422434755872477 4219.3811748075 9988.24342966995 1782.41325651273 4219.3811748075 44.9974455913411 8.64138332148372 314.65518455934 14.4220346785661 13.8021158230766 4.63166678052548 9.17044904255108 1e-08 1.36722946229802 0.422434755872477 148.197679728636 0.954240295304388 0.855161948398032 0.144838051601968 0 0 0.282742922597048 0.971433252989527 0.91803089733943 0.418880216137859 4.59368560229056 3.92834512998278 2.36722946229802 0.374240357371329 0.861720268079987 -0.374240357371329 62.6038506570339 4.125601940538e-26 3.52805779378518e-26
1.32339003031296 0.43040556555427 4129.63190005898 9594.74558545938 1777.41655347584 4129.63190005898 44.9101673172981 8.61715862155645 295.000420675798 14.4220346785661 13.8021158230766 4.75648991000433 9.04562591307223 1e-08 1.32339003031296 0.43040556555427 144.700706068744 0.933942917349837 0.848076771257807 0.151923228742193 0 0 0.27211515688671 0.969908350496293 0.913856256865562 0.426114014167601 4.63206311399916 3.92834512998279 2.32339003031296 0.366122121463692 0.843027339097653 -0.366122121463692 62.2799892316201 3.93319804811958e-26 3.33565390136676e-26
1.28036247390961 0.438526774335806 4039.42500816784 9211.35320479798 1771.39601900323 4039.42500816784 44.8216171771552 8.58797024675733 276.087827230311 14.4220346785661 13.8021158230766 4.88431671591889 8.91779910715768 1e-08 1.28036247390961 0.438526774335806 141.314877735453 0.913542046323859 0.840709561434166 0.159290438565834 0 0 0.26106434215125 0.968308618679344 0.909497669836192 0.433438168460553 4.67265427941776 3.92834512998278 2.28036247390961 0.358003885556056 0.82433441011532 -0.358003885556056 61.9703574989869 3.75128697072335e-26 3.15374282397053e-26
1.23813175772073 0.44680122005792 3948.7768941391 8837.88297092657 1764.31833403787 3948.7768941391 44.731741232218 8.55365666173945 257.914880521982 14.4220346785661 13.8021158230766 5.01519243595978 8.78692338711678 1e-08 1.23813175772073 0.44680122005792 138.037339237854 0.893041390062692 0.833055420172687 0.166944579827313 0 0 0.24958313025903 0.966631064578873 0.904949893505366 0.440851516375098 4.71558678433238 3.92834512998278 2.23813175772073 0.349885649648419 0.805641481132987 -0.349885649648419 61.6752515850221 3.57929647893281e-26 2.98175233217999e-26
1.19668312482354 0.455231794107915 3857.70494845592 8474.15536082138 1756.14994482457 3857.70494845592 44.6404821093521 8.51405519330708 240.478156348952 14.4220346785661 13.8021158230766 5.14916103450646 8.6529547885701 1e-08 1.19668312482354 0.455231794107915 134.865307910337 0.872444881536384 0.825109996809313 0.174890003190687 0 0 0.237664995213969 0.964872643437333 0.900207817383041 0.448352731718888 4.7609956795744 3.92834512998278 2.19668312482354 0.341767413740782 0.786948552150654 -0.341767413740782 61.3949760829391 3.41668555006716e-26 2.81914140331434e-26
1.15600209158312 0.463821442429917 3766.22757221423 8119.99452307189 1746.85710506373 3766.22757221423 44.5477786815504 8.46900223478293 223.773309400513 14.4220346785661 13.8021158230766 5.28626505210247 8.51585077097409 1e-08 1.15600209158312 0.463821442429917 131.796071174605 0.851756682271589 0.816869553693868 0.183130446306132 0 0 0.225304330540802 0.963030264847555 0.895266495504775 0.455940318856156 4.80902380584376 3.92834512998278 2.15600209158312 0.333649177833146 0.768255623168321 -0.333649177833146 61.1298438388012 3.26294266631082e-26 2.665398519558e-26
1.11607444259135 0.472573166554292 3674.36418919054 7775.22815351897 1736.40591995947 3674.36418919054 44.4535657083404 8.41833345955939 207.795055144993 14.4220346785661 13.8021158230766 5.42654545138085 8.37557037169571 1e-08 1.11607444259135 0.472573166554292 128.826983860319 0.830981185080775 0.808331032191873 0.191668967808127 0 0 0.21249654828781 0.961100799668773 0.890121180441713 0.463612607148649 4.85982224303658 3.92834512998278 2.11607444259135 0.325530941925509 0.749562694185987 -0.325530941925509 60.8801757005094 3.11758420565504e-26 2.52004005890222e-26
1.07688622569949 0.481490024646488 3582.13525450642 7439.68736867693 1724.76239197935 3582.13525450642 44.3577734298052 8.36188404294797 192.537154512683 14.4220346785661 13.8021158230766 5.57004146014554 8.23207436293102 1e-08 1.07688622569949 0.481490024646488 125.955465586153 0.810123016021755 0.799492119137802 0.200507880862198 0 0 0.199238178706703 0.959081087732582 0.88476735889577 0.471367745798452 4.91355078549021 3.92834512998278 2.07688622569949 0.317412706017872 0.730869765203654 -0.317412706017872 60.6463002294369 2.98015292059015e-26 2.38260877383732e-26
1.03842374714286 0.49057513257567 3489.56225955275 7113.20657700581 1711.89246811114 3489.56225955275 44.2603271068598 8.29948889128652 177.992401674232 14.4220346785661 13.8021158230766 5.71679041240686 8.0853254106697 1e-08 1.03842374714286 0.49057513257567 123.178998203428 0.789187035511335 0.790351313030938 0.209648686969062 0 0 0.185526969546408 0.956967946354856 0.879200788685805 0.479203699163937 4.97037844464112 3.92834512998278 2.03842374714286 0.309294470110236 0.712176836221321 -0.309294470110236 60.4285533741846 2.85021649976277e-26 2.25267235300995e-26
1.00067356675567 0.499831665003512 3396.66773284106 6795.62334814702 1697.76208836965 3396.66773284106 44.1611464990468 8.23098287710704 164.152615212394 14.4220346785661 13.8021158230766 5.86682758826034 7.93528823481623 1e-08 1.00067356675567 0.499831665003512 120.495123304863 0.768178338517856 0.780907989186073 0.219092010813927 0 0 0.171361983779109 0.954758179662586 0.873417536889799 0.487118242622395 5.03048398067643 3.92834512998279 2.00067356675567 0.301176234202599 0.693483907238988 -0.301176234202599 60.2272781062733 2.72736620807369e-26 2.12982206132087e-26
0.963622493274621 0.50926285649354 3303.4752364583 6486.77828028521 1682.33723527442 3303.4752364583 44.0601452694459 8.15620107901033 151.008632978099 14.4220346785661 13.8021158230766 6.02018605358734 7.78192976948922 1e-08 0.963622493274621 0.50926285649354 117.901439801384 0.747102253759408 0.771162462977744 0.228837537022256 0 0 0.156743694466616 0.952448588736593 0.867414018866442 0.495108959054453 5.09405646485176 3.92834512998278 1.96362249327462 0.293057998294962 0.674790978256655 -0.293057998294962 60.042824017954 2.61121560093834e-26 2.01367145418552e-26
0.927257579729361 0.518872002641405 3210.00935781569 6186.51486585246 1665.58398398747 3210.00935781569 43.9572303042441 8.07497902474054 138.550310910339 14.4220346785661 13.8021158230766 6.1768965006416 7.62521932243496 1e-08 0.927257579729361 0.518872002641405 115.395601570185 0.725964341837791 0.761116050251262 0.238883949748738 0 0 0.141674075376894 0.950035982562082 0.861187037837642 0.5031732360261 5.16129587424407 3.92834512998278 1.92725757972936 0.284939762387326 0.656098049274321 -0.284939762387326 59.8755468827317 2.50139930866569e-26 1.90385516191287e-26
0.891566118918363 0.528662461226479 3116.29569640269 5894.67935584643 1647.46855276973 3116.29569640269 43.8523009319953 7.98715293580492 126.76652608287 14.4220346785661 13.8021158230766 6.33698709066441 7.46512873241215 1e-08 0.891566118918363 0.528662461226479 112.975315177616 0.70477039224283 0.750771123919134 0.249228876080866 0 0 0.126156685878701 0.947517189769106 0.854733824672575 0.51130826374376 5.23241372081048 3.92834512998278 1.89156611891836 0.276821526479689 0.637405120291988 -0.276821526479689 59.7258081796357 2.39757188713133e-26 1.8000277403785e-26
0.856535638968575 0.538637653385186 3022.36084528297 5611.12062309102 1627.95735338649 3022.36084528297 43.745248024483 7.8925599718464 115.645184219018 14.4220346785661 13.8021158230766 6.50048329974282 7.30163252333374 1e-08 0.856535638968575 0.538637653385186 110.638337680637 0.683526419167574 0.740131165720618 0.259868834279382 0 0 0.110196748580926 0.944889071134289 0.848052077474734 0.519511033856471 5.30763371673183 3.92834512998278 1.85653563896857 0.268703290572052 0.618712191309655 -0.268703290572052 59.5939745827364 2.29940673112962e-26 1.7018625843768e-26
0.8221538989773 0.548801064806468 2928.23236710198 5335.6900248264 1607.01704106633 2928.23236710198 43.6359529572245 7.79103847285122 105.17323188873 14.4220346785661 13.8021158230766 6.66740776918607 7.13470805389049 1e-08 0.8221538989773 0.548801064806468 108.38247451083 0.662238656082249 0.729200812097868 0.270799187902132 0 0 0.0938012181468018 0.942148532803648 0.841140000537449 0.527778339176516 5.38719247813392 3.92834512998278 1.8221538989773 0.260585054664416 0.600019262327322 -0.260585054664416 59.4804174179036 2.20659504698653e-26 1.60905090023371e-26
0.788408884734789 0.55915624694981 2833.93876441414 5068.24126507258 1584.61456359539 2833.93876441414 43.5242864027971 7.68242819716464 95.3366735694286 14.4220346785661 13.8021158230766 6.83778016174387 6.96433566133269 1e-08 0.788408884734789 0.55915624694981 106.205577445035 0.640913549023568 0.717985893137199 0.282014106862801 0 0 0.0769788397057982 0.939292540184354 0.833996342201536 0.536106774385911 5.47134026940014 3.92834512998278 1.78840888473479 0.252466818756779 0.581326333344989 -0.252466818756779 59.385512089303 2.11884488120136e-26 1.52130073444854e-26
0.755288804526042 0.569706818286246 2739.50944418292 4808.63025726763 1560.71720911057 2739.50944418292 43.4101069240447 7.56657055319898 86.1205937141635 14.4220346785661 13.8021158230766 7.01161702502415 6.79049879805241 1e-08 0.755288804526042 0.569706818286246 104.105542666761 0.619557748566182 0.706493463540909 0.293506536459091 0 0 0.0597401953113637 0.936318132440703 0.826620431122545 0.544492737790792 5.56034179041674 3.92834512998278 1.75528880452604 0.244348582849142 0.562633404362655 -0.244348582849142 59.3096374786432 2.03588020206189e-26 1.43833605530907e-26
0.722782085010365 0.580456465562784 2644.97467635756 4556.7149877349 1535.29265214158 2644.97467635756 43.2932593264486 7.44330882265182 77.509183927337 14.4220346785661 13.8021158230766 7.18893166348528 6.61318415959128 1e-08 0.722782085010365 0.580456465562784 102.080308922476 0.598178100454558 0.694731824636002 0.305268175363998 0 0 0.0420977369540033 0.933222437516933 0.819012210435674 0.552932434178996 5.65447700922727 3.92834512998278 1.72278208501036 0.236230346941505 0.543940475380322 -0.236230346941505 59.2531753206974 1.95744003134397e-26 1.35989588459115e-26
0.690877367177229 0.591408945090685 2550.36554648727 4312.35538058392 1508.30899744367 2550.36554648727 43.173572718995 7.31248837301298 69.485775300097 14.4220346785661 13.8021158230766 7.36973402037649 6.43238180270007 1e-08 0.690877367177229 0.591408945090685 100.12785577676 0.576781634886349 0.682710536492536 0.317289463507464 0 0 0.0240658047388034 0.930002687596763 0.811172269294995 0.561421878827943 5.75404204271532 3.92834512998278 1.69087736717723 0.228112111033869 0.525247546397989 -0.228112111033869 59.2165095591257 1.88327762336414e-26 1.28573347661132e-26
0.659563502377027 0.602568084058055 2455.71390239472 4075.41316469414 1479.73482116072 2455.71390239472 43.0508582200437 7.17395685712887 62.0328759049842 14.4220346785661 13.8021158230766 7.5540305709791 6.24808525209746 1e-08 0.659563502377027 0.602568084058055 98.2462019700955 0.555375554452281 0.670440419317223 0.329559580682778 0 0 0.00566062897583375 0.926656234897154 0.803101871261464 0.569956902700351 5.859350088086 3.92834512998278 1.65956350237703 0.219993875126232 0.506554617415656 -0.219993875126232 59.2000256871011 1.81315968880296e-26 1.21561554205014e-26
0.628829548425335 0.613937781867198 2361.05229499694 3845.75174346847 1449.53920886288 2361.05229499694 42.9249062280073 7.02756439761418 55.1322133931246 14.4220346785661 13.8021158230766 7.74182422845846 6.06029159461811 1e-08 0.628829548425335 0.613937781867198 96.4334038827669 0.533967220752407 0.657933543407377 0.342066456592623 0 0 -0.0130996848889338 0.923180567681881 0.794802979022003 0.578533158854397 5.97073240807612 3.92834512998278 1.62882954842534 0.211875639218595 0.487861688433322 -0.211875639218595 59.2041100776896 1.7468656608574e-26 1.14932151410458e-26
0.598664765779321 0.625522011497212 2266.41391343074 3623.23606807374 1417.69179001446 2266.41391343074 42.795483154746 6.87316375395678 48.7647825780595 14.4220346785661 13.8021158230766 7.93311426357174 5.86900155950482 1e-08 0.598664765779321 0.625522011497212 94.6875541079164 0.512564139724302 0.645203207095647 0.354796792904353 0 0 -0.0321951893565293 0.919573326369499 0.786278274940708 0.587146130082789 6.08853937299235 3.92834512998278 1.59866476577932 0.203757403310959 0.469168759450989 -0.203757403310959 59.2291493093349 1.68418700141381e-26 1.08664285466099e-26
0.569058613784968 0.637324820892284 2171.83251471103 3407.73251490562 1384.16276844625 2171.83251471103 42.6623274905385 6.71061047025191 42.9108978291021 14.4220346785661 13.8021158230766 8.12789623938958 5.67421958368698 1e-08 0.569058613784968 0.637324820892284 93.0067801363161 0.491173945734846 0.632263902285455 0.367736097714545 0 0 -0.0516041465718176 0.915832319600411 0.777531176973298 0.595791137781973 6.21314156285521 3.92834512998278 1.56905861378497 0.195639167403322 0.450475830468656 -0.195639167403322 59.2755294921457 1.62492654505912e-26 1.0273823983063e-26
0.54000074699379 0.64935033437619 2077.34234822328 3199.10876802568 1348.92294843261 2077.34234822328 42.5251450306024 6.5397630016274 37.5502500350121 14.4220346785661 13.8021158230766 8.3261619620791 5.47595386099746 1e-08 0.54000074699379 0.64935033437619 91.3892431548055 0.46980438450369 0.61913126736806 0.38086873263194 0 0 -0.0713030989479095 0.911955540119331 0.768565849517543 0.604463352038547 6.34493093311578 3.92834512998278 1.54000074699379 0.187520931495685 0.431782901486323 -0.187520931495685 59.3436356009599 1.56889787886649e-26 9.71353732113675e-27
0.51148101154776 0.661602754093482 1982.97807542278 2997.23370731706 1311.9437560067 1982.97807542278 42.3836030404556 6.36048281758281 32.6619678369478 14.4220346785661 13.8021158230766 8.5278994486651 5.27421637441146 1e-08 0.51148101154776 0.661602754093482 89.8331369596584 0.448463294942745 0.605822027520882 0.394177972479118 0 0 -0.0912669587186772 0.907941180322762 0.759387208825407 0.613157802905123 6.48432204761221 3.92834512998278 1.51148101154776 0.179402695588049 0.413089972503989 -0.179402695588049 59.4338508213669 1.51592475600466e-26 9.18380609251844e-27
0.483489441631195 0.674086361477864 1888.77468518431 2801.9773030912 1273.19725518739 1888.77468518431 42.2373230652017 6.17263448065954 28.2246827693685 14.4220346785661 13.8021158230766 8.7330929125335 5.06902291054306 1e-08 0.483489441631195 0.674086361477864 88.3366869853803 0.427158590011948 0.592353922608687 0.407646077391313 0 0 -0.111469116086969 0.903787647316482 0.750000922666477 0.621869392822602 6.6317533826443 3.92834512998278 1.4834894416312 0.171284459680412 0.394397043521656 -0.171284459680412 59.5465559149839 1.46584054132629e-26 8.68296394573469e-27
0.456016255988338 0.686805518748281 1794.76740531197 2613.21051785224 1232.65615883779 1794.76740531197 42.0858719875169 5.97608569908492 24.2165978901047 14.4220346785661 13.8021158230766 8.94172276727106 4.8603930558055 1e-08 0.456016255988338 0.686805518748281 86.8981494485989 0.405898236706647 0.578745623138976 0.421254376861024 0 0 -0.131881565291536 0.899493577325605 0.740413404006037 0.630592910130419 6.78768870626856 3.92834512998279 1.45601625598834 0.163166223772775 0.375704114539323 -0.163166223772775 59.6821286103106 1.41848768719133e-26 8.20943540438513e-27
0.429051854505438 0.699764670433234 1700.99161078157 2430.8052158856 1190.29383392826 1700.99161078157 41.9287507978052 5.77070735228743 20.6155594275132 14.4220346785661 13.8021158230766 9.15376564924887 4.64835017382769 1e-08 0.429051854505438 0.699764670433234 85.515810605824 0.384690235306021 0.565016634954319 0.434983365045681 0 0 -0.152475047568522 0.895057849299866 0.730631798543578 0.63932304359108 6.95261853715225 3.92834512998278 1.42905185450544 0.155047987865139 0.35701118555699 -0.155047987865139 59.8409430254153 1.3737172378766e-26 7.76173091123776e-27
0.402586814856131 0.712968344923857 1607.4827293431 2254.63408128559 1146.08430103344 1607.4827293431 41.7653803377804 5.5563734884587 17.3991309247551 14.4220346785661 13.8021158230766 9.36919445915741 4.43292136391915 1e-08 0.402586814856131 0.712968344923857 84.1879861229279 0.363542598024472 0.551187193571071 0.448812806428929 0 0 -0.173219209643394 0.890479597559428 0.720663966046939 0.64805439784052 7.12706168757576 3.92834512998278 1.40258681485613 0.146929751957502 0.338318256574657 -0.146929751957502 60.0233691285365 1.33138836101247e-26 7.33844214259652e-27
0.376611889208938 0.726421156056297 1514.27614515914 2084.57054497155 1100.00222795497 1514.27614515914 41.5950829844151 5.33296129363542 14.5446693199645 14.4220346785661 13.8021158230766 9.58797842249262 4.21413740058394 1e-08 0.376611889208938 0.726421156056297 82.9130205532491 0.342463327218824 0.537278149288971 0.462721850711029 0 0 -0.194082776066544 0.885758223331834 0.710518455511793 0.656781509661898 7.31156689543679 3.92834512998278 1.37661188920894 0.138811516049865 0.319625327592323 -0.138811516049865 60.2297722424108 1.29136790457295e-26 6.93823757820132e-27
0.351118000995742 0.740127804723957 1421.40710119364 1920.4887211659 1052.02291742549 1421.40710119364 41.4170588047078 5.10035103208646 12.0294023675039 14.4220346785661 13.8021158230766 9.81008316877745 3.99203265429911 1e-08 0.351118000995742 0.740127804723957 81.6892869202794 0.321460393312926 0.523310844393113 0.476689155606887 0 0 -0.21503373341033 0.880893405038736 0.700204474273413 0.665498864967617 7.50671455039023 3.92834512998278 1.35111800099574 0.130693280142229 0.30093239860999 -0.130693280142229 60.4605125977718 1.25352997802534e-26 6.55985831272523e-27
0.326096241740113 0.754093080520153 1328.91060109468 1762.26335372025 1002.12228891537 1328.91060109468 41.2303540508032 4.85842595810977 9.83050678052426 14.4220346785661 13.8021158230766 10.0354708290881 3.76664499398847 1e-08 0.326096241740113 0.754093080520153 80.5151863999647 0.300541712607791 0.509306983942227 0.490693016057773 0 0 -0.23603952408666 0.875885107249975 0.689731851215337 0.674200916400123 7.71311851955361 3.92834512998278 1.32609624174011 0.122575044234592 0.282239469627657 -0.122575044234592 60.7159449410037 1.21775555632214e-26 6.20211409569315e-27
0.301537867944367 0.768321863411771 1236.82131133242 1609.76977257976 950.276854630319 1236.82131133242 41.0338188408803 4.60707219966516 7.92518645939231 14.4220346785661 13.8021158230766 10.264100151241 3.5380156718356 1e-08 0.301537867944367 0.768321863411771 79.3891480967665 0.279715125149474 0.495288501779536 0.504711498220464 0 0 -0.257067247330697 0.870733587898642 0.67911099487587 0.682882101193647 7.93142807852095 3.92834512998278 1.30153786794437 0.114456808326955 0.263546540645324 -0.114456808326955 60.9964182003808 1.18393210548931e-26 5.86387958736494e-27
0.277434298034273 0.782819125444502 1145.17346436018 1462.88386057243 896.463689852689 1145.17346436018 40.8260492426749 4.3461786145852 6.29075016470068 14.4220346785661 13.8021158230766 10.4959266317913 3.30618919128525 1e-08 0.277434298034273 0.782819125444502 78.3096289068013 0.258988372828313 0.481277423509864 0.518722576490136 0 0 -0.278083864735203 0.865439404375502 0.668352845661582 0.691536859704001 8.16232995375954 3.92834512998278 1.27743429803427 0.106338572419318 0.244853611662991 -0.106338572419318 61.3022752147057 1.15195322863335e-26 5.54409081880527e-27
0.253777109360345 0.79758993248025 1054.00076356094 1321.48203060103 840.6603978427 1054.00076356094 40.6053063100444 4.07563662041126 4.90468799779158 14.4220346785661 13.8021158230766 10.7309026638003 3.07121315927625 1e-08 0.253777109360345 0.79758993248025 77.2751134606298 0.238369077881978 0.467295728255438 0.532704271744562 0 0 -0.299056407616843 0.860003417459884 0.657468824266443 0.700159653726276 8.40655048281423 3.92834512998278 1.25377710936034 0.0982203365116818 0.226160682680657 -0.0982203365116818 61.6338525274673 1.12171833125331e-26 5.24174184500491e-27
0.230558035254669 0.81263944596733 963.336290724595 1185.44121320358 782.845069574657 963.336290724595 40.3694001095199 3.7953399991894 3.74474606598501 14.4220346785661 13.8021158230766 10.9689776991494 2.83313812392715 1e-08 0.230558035254669 0.81263944596733 76.2841141376149 0.217864721970849 0.45336521103067 0.54663478896933 0 0 -0.319952183453995 0.854426793738943 0.646470775663513 0.708744984992922 8.66485789911443 3.92834512998278 1.23055803525467 0.0901021006040452 0.207467753698324 -0.0901021006040452 61.9914802488999 1.09313230480533e-26 4.95588158052512e-27
0.207768962142232 0.827972924744059 873.212416772456 1054.63885433498 722.996238637919 873.212416772456 40.1155188364585 3.50518467882398 2.78899873374282 14.4220346785661 13.8021158230766 11.2100984240215 2.59201739905506 1e-08 0.207768962142232 0.827972924744059 75.335171143225 0.197482625987784 0.439507347562096 0.560492652437904 0 0 -0.340738978656856 0.848711006184383 0.635370909783871 0.71728741348188 8.93806474857116 3.92834512998278 1.20776896214223 0.0819838646964084 0.188774824715991 -0.0819838646964084 62.3754819875502 1.06610522752396e-26 4.68561080771141e-27
0.185401926705748 0.843595726876383 783.660716405765 928.952923111 661.092831680788 783.660716405765 39.8399685282504 3.2050684928229 2.01591789429577 14.4220346785661 13.8021158230766 11.4542089460318 2.34790687704471 1e-08 0.185401926705748 0.843595726876383 74.426852640241 0.177229930755332 0.425743163324081 0.574256836675919 0 0 -0.361385255013878 0.842857832911066 0.624181739486377 0.725781575418868 9.22703044556577 3.92834512998278 1.18540192670575 0.0738656287887718 0.170081895733658 -0.0738656287887718 62.7861748521655 1.04055208155936e-26 4.43007934806539e-27
0.163449113102991 0.859513311530178 694.711887305445 808.261929147625 597.114114817283 694.711887305445 39.5377606154421 2.89489092047029 1.40443873805515 14.4220346785661 13.8021158230766 11.7012509913799 2.10086483169662 1e-08 0.163449113102991 0.859513311530178 73.5577549245369 0.157113578752235 0.412093108465817 0.587906891534183 0 0 -0.381860337301274 0.836869354116334 0.612916016538549 0.734222200825979 9.53266397637086 3.92834512998278 1.16344911310299 0.0657473928811351 0.151388966751325 -0.0657473928811351 63.223869523914 1.01639248554051e-26 4.18848338787685e-27
0.141902850235659 0.875731240878877 606.395674451563 692.444949026814 531.03963645105 606.395674451563 39.2019262584713 2.57455280962903 0.934021543458305 14.4220346785661 13.8021158230766 11.9511641103082 1.85095171276838 1e-08 0.141902850235659 0.875731240878877 72.7265026359535 0.137140296997785 0.398576940173801 0.601423059826199 0 0 -0.402134589739299 0.830747947220866 0.60158666635043 0.74260413047503 9.85592675850695 3.92834512998278 1.14190285023566 0.0576291569734984 0.132696037768991 -0.0576291569734984 63.6888703981645 9.93550441723169e-27 3.96006294970349e-27
0.120755609068822 0.892255182047091 518.740800064611 581.381661325261 462.849166996903 518.740800064611 38.8223066429266 2.24395608450251 0.584709071616378 14.4220346785661 13.8021158230766 12.2038858890963 1.59822993398028 1e-08 0.120755609068822 0.892255182047091 71.931748994771 0.117316581207592 0.385213613850797 0.614786386149203 0 0 -0.422179579223804 0.824496280253484 0.590206722209722 0.750922332112484 10.1978356650301 3.92834512998278 1.12075560906882 0.0495109210658618 0.114003108786658 -0.0495109210658618 64.181475794295 9.71954096927257e-27 3.74409950174437e-27
0.1 0.909090909090909 431.77489959838 474.952389558218 392.522635998527 431.77489959838 38.3832503850878 1.90300344077264 0.33717920696784 14.4220346785661 13.8021158230766 12.4593521667913 1.34276365628522 1e-08 0.1 0.909090909090909 71.1721760544105 0.0976486813179608 0.372021184302708 0.627978815697292 0 0 -0.441968223545938 0.818117303543013 0.57878925975798 0.759171915833141 10.5594662232631 3.92834512998278 1.1 0.0413926851582251 0.0953101798043249 -0.0413926851582251 64.7019782312822 9.51535516511527e-27 3.53991369758707e-27
